ISU_CD,ORD_PRC,ORD_QTY,ORD_VOL
HK0000055043,16528850.0,9929727.0,6642380180.0
HK0000057197,49284695.0,19600590.0,21613655665.0
KR7000250001,237873800.0,4873174.0,19145405250.0
KR7000440008,37071100.0,76386.0,1624434900.0
KR7001000009,103675100.0,883809.0,4481528400.0
KR7001540004,435015750.0,2695759.0,20457891400.0
KR7001810001,24480115.0,2871894.0,5661839690.0
KR7001840008,14794945.0,1834249.0,3088991890.0
KR7002230001,64352025.0,3134793.0,9028739090.0
KR7002290005,3815535.0,757840.0,558921355.0
KR7002680007,3019810.0,887791.0,536085430.0
KR7003100005,151319400.0,540770.0,7251422900.0
KR7003310000,7218757.0,9604868.0,5689166474.0
KR7003670007,251816150.0,3412990.0,21022255370.0
KR7003800000,148759700.0,8298.0,537807900.0
KR7004590006,44170700.0,38604.0,489195350.0
KR7004650008,929332500.0,2135689.0,32513872900.0
KR7004780003,77776070.0,2062082.0,6004248010.0
KR7005160007,24795140.0,1087352.0,2785697665.0
KR7005290002,36374800.0,2057782.0,6585976850.0
KR7005670005,19736075.0,1142622.0,2813585095.0
KR7005710009,21168580.0,302255.0,565813380.0
KR7005860002,13685405.0,9715242.0,8680056305.0
KR7005990007,584770650.0,530156.0,11702568600.0
KR7006050009,9433455.0,13044687.0,7737852230.0
KR7006140008,16313400.0,405489.0,1033034230.0
KR7006580005,15747000.0,99591.0,930523200.0
KR7006730006,511549200.0,2949114.0,37680749100.0
KR7006910004,74456540.0,13233099.0,18396728580.0
KR7006920003,17139810.0,1950726.0,2148784975.0
KR7007330004,5153400.0,46090.0,101356040.0
KR7007370000,190671750.0,13357751.0,76397691620.0
KR7007390008,254504200.0,28841342.0,52918338025.0
KR7007530009,6662295.0,1020421.0,1365361970.0
KR7007720006,13845810.0,14475471.0,5787885700.0
KR7007770001,39605000.0,365916.0,2270445250.0
KR7007820004,196394900.0,1767962.0,6859388850.0
KR7008290009,259020700.0,8932415.0,67275120000.0
KR7008370009,31951180.0,2583459.0,5633630035.0
KR7008470007,14537650.0,592611.0,1391627300.0
KR7008800005,33486800.0,1911995.0,5605026390.0
KR7008830002,14730200.0,12451.0,251572200.0
KR7009300005,108302950.0,1114555.0,6656206350.0
KR7009520008,13043450.0,2298771.0,1878457615.0
KR7009620006,15474500.0,32811.0,230101150.0
KR7009730003,8053905.0,4655358.0,3393249105.0
KR7009780008,38976400.0,12633.0,310729100.0
KR7010170009,2115800.0,1909171.0,975559670.0
KR7010240000,3574905.0,375779.0,548402500.0
KR7010280006,2092195.0,1529217.0,766897715.0
KR7010470003,30514280.0,499087.0,2434632070.0
KR7011040003,215706300.0,420605.0,2310891500.0
KR7011080009,3187900.0,2286068.0,1488691575.0
KR7011320009,51332935.0,1715736.0,2840123775.0
KR7011370004,88660280.0,30235231.0,49369473675.0
KR7011560000,24462010.0,569507.0,2189935010.0
KR7012340006,23661175.0,18208460.0,17797593080.0
KR7012620001,18374650.0,363193.0,2054911900.0
KR7012700001,162341700.0,927015.0,8499926500.0
KR7012790002,560314600.0,2510652.0,15844118000.0
KR7012860003,20292745.0,1467444.0,1979929730.0
KR7013030002,276543100.0,201021.0,3508152500.0
KR7013120001,482466650.0,296054.0,9591872350.0
KR7013450002,21522880.0,545216.0,2220594170.0
KR7013720008,8375635.0,1243896.0,2108320785.0
KR7013810007,35664440.0,2351635.0,4852360800.0
KR7013990007,879442950.0,30942403.0,161061434600.0
KR7014100002,2130970500.0,17960348.0,163323722800.0
KR7014190003,98957955.0,11786309.0,24525687890.0
KR7014200000,16812110.0,6177278.0,4376579415.0
KR7014470009,536539450.0,11282380.0,63581662050.0
KR7014570006,331791630.0,21631569.0,100541128340.0
KR7014620009,116742550.0,1077292.0,6351257050.0
KR7014940001,2546575.0,275435.0,279840005.0
KR7014970008,19220825.0,2162566.0,1214232370.0
KR7015710007,234382900.0,4528209.0,27534324850.0
KR7015750003,248554360.0,5502804.0,18474389390.0
KR7016100000,9793176400.0,4282235.0,179218947800.0
KR7016170003,599832500.0,260636.0,7093047900.0
KR7016250003,1414638100.0,116565.0,15063547500.0
KR7016600009,3878394.0,6048276.0,1181175273.0
KR7016670002,96470360.0,36027917.0,34649883525.0
KR7016920001,2106595.0,570049.0,512120545.0
KR7017000001,19562515.0,1282466.0,3147195350.0
KR7017250002,42800340.0,9559251.0,7803814405.0
KR7017480005,9603460.0,436401.0,1093465990.0
KR7017510009,15004525.0,1099519.0,2392196600.0
KR7017650003,6076080.0,297678.0,736356525.0
KR7017680000,11582880.0,8990259.0,7788414830.0
KR7017890005,588363530.0,20591691.0,96445929340.0
KR7018000000,7225375.0,1342863.0,1019729145.0
KR7018120006,403016500.0,482033.0,5107447700.0
KR7018290007,1900241.0,6222483.0,1655248862.0
KR7018310003,634707600.0,2849926.0,30204599750.0
KR7018620005,30720610.0,2132390.0,7831797150.0
KR7018680009,271510100.0,2019677.0,19661543650.0
KR7018700005,46955607.0,84914988.0,44840875012.0
KR7019010008,14082150.0,214422.0,1696880500.0
KR7019210004,264435850.0,3732181.0,27264227500.0
KR7019540004,62926700.0,3051511.0,4131673640.0
KR7019550003,9892790.0,28088098.0,13802035525.0
KR7019570001,1662379.0,9123280.0,1532943426.0
KR7019590009,1494377.0,6139470.0,810109171.0
KR7019660000,8313600.0,845065.0,973938300.0
KR7019770007,20871040.0,1714626.0,5537185505.0
KR7019990001,5157500.0,161790.0,346891845.0
KR7020180006,2527743.0,3003197.0,1325727003.0
KR7020400008,37692050.0,26151.0,394110450.0
KR7020710000,110678420.0,3617026.0,10278056040.0
KR7021040001,5015236.0,5980496.0,3852377621.0
KR7021041009,1770736.0,1575486.0,659432998.0
KR7021080007,58842835.0,16920062.0,16162531480.0
KR7021320007,33291800.0,641427.0,2682676610.0
KR7021650007,21831795.0,2671637.0,4596813780.0
KR7021880000,678221.0,1367808.0,405490475.0
KR7022100002,87867780.0,4756315.0,11651144205.0
KR7022220008,4072625.0,1052685.0,1034180530.0
KR7023160005,123822500.0,1664610.0,10836592660.0
KR7023410004,557264830.0,31985573.0,44978001010.0
KR7023430002,5047128.0,24814890.0,5085706157.0
KR7023440001,1346595.0,401084.0,501745015.0
KR7023460009,4059770.0,3314060.0,1851731960.0
KR7023600000,45214490.0,973336.0,2092638420.0
KR7023760002,2302461.0,6072570.0,1321791403.0
KR7023770001,40307510.0,805858.0,2891488260.0
KR7023790009,9382890.0,605473.0,1650648200.0
KR7023890007,526247150.0,235627.0,5011482750.0
KR7023900004,53229100.0,520200.0,3056311100.0
KR7023910003,293745650.0,1436162.0,6104820050.0
KR7024060006,5595215.0,1019978.0,1255242195.0
KR7024120008,12655450.0,567837.0,1090246835.0
KR7024660003,53771775.0,2302952.0,4250576250.0
KR7024740003,2403185.0,235421.0,261604605.0
KR7024800005,11789745.0,3120182.0,2559333940.0
KR7024810004,2573538.0,31602106.0,3710914033.0
KR7024830002,12298390.0,61475.0,293821690.0
KR7024840001,1519183.0,5318197.0,970641670.0
KR7024850000,6161104.0,10261877.0,3844762553.0
KR7024880007,6021865.0,401185.0,621570100.0
KR7024910002,57811790.0,1623435.0,5998289950.0
KR7024940009,55752920.0,3886028.0,9740283040.0
KR7024950008,275352800.0,1254724.0,14773394250.0
KR7025270000,60209950.0,1033940.0,4557925690.0
KR7025320003,12050620.0,6506022.0,4739083305.0
KR7025440009,871186.0,1256721.0,521640928.0
KR7025550005,18918190.0,4627303.0,5366427355.0
KR7025770009,674812700.0,9734139.0,92865876300.0
KR7025870007,16619745.0,647996.0,1683125220.0
KR7025880006,3172685.0,789375.0,429394070.0
KR7025900002,1752549150.0,2481010.0,96146113850.0
KR7025950007,22616730.0,685395.0,1878161440.0
KR7025980004,380864050.0,841201.0,12812915750.0
KR7026040006,638249450.0,6436300.0,68007630000.0
KR7026150003,14185515.0,1097040.0,2142584740.0
KR7026180000,2750990.0,1495207.0,940403945.0
KR7026260000,90557100.0,2337050.0,14326005450.0
KR7026910000,12630105.0,1589792.0,2910756800.0
KR7026960005,552374300.0,1337481.0,19678732050.0
KR7027040005,956436.0,2207599.0,559720928.0
KR7027050004,2171380939.0,57437929.0,364324417658.0
KR7027580000,17685115.0,755620.0,1328827105.0
KR7027710003,9308355.0,12075099.0,7653510255.0
KR7027830009,36130210.0,11400014.0,8833753885.0
KR7028040004,2993808.0,14657777.0,1783508825.0
KR7028080000,57269000.0,304943.0,1875054900.0
KR7028150001,3586400300.0,143833.0,9484525800.0
KR7028300002,1205785450.0,7359741.0,151793905550.0
KR7029480001,14391225.0,10450560.0,7799976220.0
KR7029960002,33826170.0,7401535.0,8368469785.0
KR7030190003,288328500.0,3661694.0,17283504590.0
KR7030270003,16061950.0,213052.0,1168718650.0
KR7030350003,99993800.0,2413522.0,15793880760.0
KR7030520001,213043500.0,1443789.0,11254664600.0
KR7030530000,683273150.0,12640688.0,73888685600.0
KR7030960009,134141650.0,4109462.0,5253349170.0
KR7031310006,5407035.0,1777353.0,1645210385.0
KR7031330004,20766810.0,19056305.0,9584408180.0
KR7031390008,2761751000.0,3595733.0,86663521800.0
KR7031510001,4821025.0,1353738.0,1098835385.0
KR7031860000,9372410.0,3755096.0,2279622525.0
KR7031980006,82165350.0,951300.0,5669195100.0
KR7032040008,177080750.0,6960419.0,31734702850.0
KR7032080004,4429670.0,802101.0,872315775.0
KR7032190001,180786100.0,2930554.0,18608899050.0
KR7032280000,12646380.0,3258014.0,5143510445.0
KR7032500001,127715040.0,3278119.0,21392703240.0
KR7032540007,9663530.0,1918019.0,3266614260.0
KR7032580003,113476045.0,16405956.0,20941213360.0
KR7032620007,105455200.0,21402870.0,3508328035.0
KR7032680001,8754065.0,3672817.0,4142122775.0
KR7032681009,7668890.0,33070.0,250101750.0
KR7032750002,10747690.0,330218.0,950793590.0
KR7032790008,57187955.0,4162282.0,9398066945.0
KR7032800005,5764273.0,5620313.0,1974771151.0
KR7032820003,1945821.0,5889424.0,1567817397.0
KR7032850000,221347970.0,17216717.0,11382603530.0
KR7032940009,25017100.0,1976074.0,4541369315.0
KR7032960007,7441640.0,93777.0,532209050.0
KR7032980005,5128110.0,3043733.0,2057681660.0
KR7033050006,4216185.0,2552319.0,2023455915.0
KR7033100009,21788090.0,1420014.0,3064296175.0
KR7033110008,14530895.0,2654327.0,3586312810.0
KR7033130006,142617960.0,15230442.0,29275717515.0
KR7033160003,46198250.0,2531922.0,7984876530.0
KR7033170002,12188500.0,5225037.0,4076562785.0
KR7033200007,6137085.0,722136.0,984126360.0
KR7033230004,67887055.0,7024249.0,2134244395.0
KR7033290008,3987660.0,2266596.0,1864456175.0
KR7033310004,41334655.0,4086776.0,11838611885.0
KR7033320003,16503615.0,3123608.0,2344770635.0
KR7033340001,15851940.0,10256090.0,8006186520.0
KR7033430000,2387300.0,17456891.0,3629888537.0
KR7033500000,87446820.0,1904100.0,3876878020.0
KR7033540006,23007165.0,542669.0,1644130735.0
KR7033560004,193028850.0,3065285.0,23340804400.0
KR7033600008,6609920.0,1732129.0,1809374135.0
KR7033630005,41919145.0,185558520.0,571975897780.0
KR7033640004,95618140.0,2732445.0,7041185620.0
KR7033790007,5273930.0,2845135.0,2153510705.0
KR7033830001,3383490.0,97678.0,238572250.0
KR7034230003,3123739150.0,16722979.0,174076443700.0
KR7034810002,182995650.0,819298.0,12492674600.0
KR7034830000,113759995.0,21386981.0,48425453845.0
KR7034940007,443265450.0,58951532.0,145040445780.0
KR7034950006,40971200.0,60338.0,935417800.0
KR7035080001,346142760.0,6174139.0,23221570520.0
KR7035200005,11009200.0,625676.0,880819525.0
KR7035290006,7755875.0,1764629.0,1540659080.0
KR7035460005,35046215.0,6993826.0,11348717650.0
KR7035480003,74286920.0,6367092.0,10703867045.0
KR7035600006,426346800.0,3231338.0,35558652250.0
KR7035610005,357518480.0,20963477.0,49996152750.0
KR7035620004,26396000.0,28354927.0,24917326295.0
KR7035720002,12066510200.0,6202397.0,403867678200.0
KR7035760008,6589379000.0,422749.0,57541739800.0
KR7035810001,102666300.0,10202864.0,24176648015.0
KR7035890003,49986965.0,67559822.0,26125793250.0
KR7035900000,48103955.0,3028530.0,5074284780.0
KR7036000008,86424110.0,4655427.0,13267929710.0
KR7036010007,32949450.0,1715980.0,2835635430.0
KR7036030005,118460100.0,2585163.0,12080133600.0
KR7036090009,8237997.0,16538972.0,5695106476.0
KR7036120004,7885225.0,6956239.0,3129664785.0
KR7036170009,3620290.0,3342236.0,2162705940.0
KR7036180008,164186000.0,19438047.0,34430673240.0
KR7036190007,232978750.0,53124.0,1234231550.0
KR7036200004,151891150.0,2331060.0,18037338300.0
KR7036220002,145202850.0,2535099.0,18052381500.0
KR7036260008,35249900.0,4012541.0,6977095560.0
KR7036420008,118521900.0,17709964.0,31941912755.0
KR7036480002,549743700.0,126451.0,7139028400.0
KR7036490001,7251185600.0,1718820.0,148075150000.0
KR7036500007,19384690.0,1565106.0,3284074940.0
KR7036540003,258181560.0,34907767.0,64889328380.0
KR7036560001,40446530.0,345486.0,1606038030.0
KR7036620003,11576870.0,2353709.0,4006037730.0
KR7036630002,2650272.0,12254029.0,2227005200.0
KR7036640001,29178720.0,1665036.0,4287158665.0
KR7036670008,144716750.0,2768628.0,11408604950.0
KR7036690006,24297180.0,1421448.0,2528750105.0
KR7036710002,128064590.0,2398877.0,9835257180.0
KR7036800001,475441550.0,493680.0,8884097400.0
KR7036810000,102857745.0,8011275.0,16064867855.0
KR7036830008,829411000.0,628957.0,10310806250.0
KR7036890002,81283080.0,2477915.0,9950247900.0
KR7036930006,84997060.0,3814799.0,12495974130.0
KR7037070000,28305630.0,547282.0,1095100570.0
KR7037230000,1647968.0,1321928.0,494467422.0
KR7037330008,12023505.0,5471140.0,7261226200.0
KR7037340007,14499245.0,12072103.0,9937283370.0
KR7037350006,40894580.0,2825660.0,6455075390.0
KR7037370004,106025850.0,822604.0,5100156850.0
KR7037400009,72283160.0,7208245.0,11063429140.0
KR7037440005,7197040.0,214857.0,451006650.0
KR7037460003,8703280.0,1577192.0,2320775460.0
KR7037760006,2586040.0,1817941.0,1195826380.0
KR7037950003,4922240.0,3135365.0,1430290770.0
KR7038010005,7927775.0,867164.0,1380736760.0
KR7038060000,106530845.0,5896699.0,13760677325.0
KR7038070009,1184605250.0,25230700.0,43220742650.0
KR7038110003,9308475.0,1532165.0,1434337810.0
KR7038290003,1120875700.0,3463786.0,86356773250.0
KR7038340006,1447748160.0,100534818.0,469216153360.0
KR7038390001,93428500.0,207399.0,1451249150.0
KR7038460002,482697640.0,15927109.0,175153728830.0
KR7038500005,64048730.0,2128401.0,5752740320.0
KR7038530002,11042345.0,8954324.0,8053532580.0
KR7038540001,41342910.0,15813694.0,16329665965.0
KR7038620001,1659149.0,2065588.0,1027277904.0
KR7038680005,80338130.0,4031538.0,9956794750.0
KR7038870002,146699950.0,1671579.0,13676921900.0
KR7038880001,6549535.0,910140.0,1629507815.0
KR7038950002,58970270.0,866456.0,3124832910.0
KR7039010004,32260800.0,1713307.0,6087707570.0
KR7039020003,10054920.0,596561.0,1233635385.0
KR7039030002,3963908500.0,968889.0,48562247900.0
KR7039200001,53759545.0,7181659.0,15894484565.0
KR7039230008,1640128.0,1693758.0,955169700.0
KR7039240007,8529030.0,293093.0,1194802740.0
KR7039290002,20394370.0,1137467.0,3022180970.0
KR7039310008,23375320.0,1308264.0,2253161870.0
KR7039340005,13839165.0,2338661.0,3509088990.0
KR7039420005,14403710.0,4703150.0,4872930070.0
KR7039440003,64279090.0,3341651.0,10169142510.0
KR7039560008,53021660.0,4153282.0,11926904230.0
KR7039610001,7244700.0,103215.0,417318800.0
KR7039670005,17389225.0,8420036.0,6267466645.0
KR7039740006,11409545.0,731503.0,1456055400.0
KR7039790001,184836715.0,33678162.0,74634031105.0
KR7039830005,162192700.0,3143326.0,23364111250.0
KR7039840004,151868700.0,1201418.0,8740952400.0
KR7039860002,48847430.0,3043222.0,12397030180.0
KR7039980008,58027030.0,11158718.0,15134620110.0
KR7040160004,32489840.0,1422137.0,3734510520.0
KR7040300006,2609520.0,286213.0,321938700.0
KR7040350001,81447350.0,67041283.0,48158381865.0
KR7040420002,26538710.0,638168.0,1932887820.0
KR7040610008,27798415.0,3218876.0,2453626220.0
KR7040910002,48322150.0,2015427.0,7793336120.0
KR7041020009,52770280.0,2417737.0,7658505680.0
KR7041140005,259318900.0,4166679.0,27805792950.0
KR7041190000,2476116.0,8036647.0,2185202472.0
KR7041440009,54012630.0,2260824.0,7548496080.0
KR7041460007,37559380.0,4978117.0,8713842900.0
KR7041510009,1255077850.0,4023815.0,65005566450.0
KR7041520008,349363450.0,1278422.0,13331001300.0
KR7041590001,218146440.0,11666854.0,53186334250.0
KR7041830001,1425627050.0,3850734.0,45951511800.0
KR7041910001,149269410.0,3992096.0,21731024050.0
KR7041920000,426837400.0,2176770.0,15566489250.0
KR7041930009,20123340.0,639651.0,1675722210.0
KR7041960006,1567976350.0,8663090.0,105321720100.0
KR7042040006,76264045.0,5999829.0,13702165800.0
KR7042110007,10288940.0,5056638.0,5522271895.0
KR7042370007,11002090.0,1001413.0,2238710255.0
KR7042420000,167204850.0,525451.0,3438922550.0
KR7042500009,22748525.0,1535065.0,2796228815.0
KR7042510008,84715495.0,34650191.0,20507882640.0
KR7042520007,355045550.0,2851901.0,25842116350.0
KR7042600007,13044705.0,952207.0,1366503425.0
KR7042940007,1568283.0,3652650.0,656755793.0
KR7043090000,78428140.0,4640264.0,8930870940.0
KR7043100007,33552076.0,82345856.0,18477225423.0
KR7043150002,293354050.0,996057.0,9720383000.0
KR7043200005,156670300.0,26468809.0,65451273395.0
KR7043220003,89277005.0,20443023.0,30068286770.0
KR7043260009,1865552.0,2567258.0,1073546635.0
KR7043290006,21014280.0,465733.0,721040910.0
KR7043340009,949481.0,1235619.0,364012413.0
KR7043360007,6075190.0,793032.0,1081193225.0
KR7043370006,263797950.0,1214896.0,10416637350.0
KR7043580000,7689435.0,3528078.0,1910351470.0
KR7043590009,25412190.0,1720509.0,2554357735.0
KR7043610005,58631645.0,3318788.0,5238797950.0
KR7043650001,571549740.0,32688722.0,133624080350.0
KR7043710003,92741320.0,2484625.0,5471415140.0
KR7043910009,14214650.0,8240414.0,6415477815.0
KR7044060002,11740500.0,1211769.0,2221852035.0
KR7044180008,1615784.0,91993082.0,5688686707.0
KR7044340008,413123550.0,3569985.0,25498964000.0
KR7044480002,84085710.0,14347883.0,39266271950.0
KR7044490001,76077100.0,413717.0,3143848600.0
KR7044780005,2421160.0,1226693.0,786473680.0
KR7044960003,108839245.0,23274780.0,45155170280.0
KR7045060001,152791570.0,19902937.0,72821525970.0
KR7045100005,251045150.0,6563032.0,36357329850.0
KR7045300001,4539895.0,2240905.0,1870088810.0
KR7045340007,9908005.0,2505046.0,2255433225.0
KR7045390002,39242875.0,42181545.0,33890060470.0
KR7045510005,1833990.0,967272.0,418276210.0
KR7045520004,116013240.0,9504784.0,37495221965.0
KR7045660008,21632105.0,1510930.0,3737683340.0
KR7045890001,2239780.0,1599475.0,741637065.0
KR7045970001,9121540.0,327085.0,1222981990.0
KR7046070009,8292180.0,2238971.0,2871764720.0
KR7046110003,2967805.0,1139210.0,1602405885.0
KR7046120002,56404270.0,3473048.0,5621580990.0
KR7046140000,151420600.0,1965243.0,16256616650.0
KR7046210001,13940470.0,1050924.0,2284343120.0
KR7046310009,17594440.0,2068666.0,2486124425.0
KR7046390001,15624480.0,8406420.0,5113635060.0
KR7046440004,255178400.0,2372170.0,18159365550.0
KR7046890000,593515900.0,6694537.0,61387627200.0
KR7046940003,73147840.0,6375732.0,16561135740.0
KR7046970000,6426295.0,495775.0,1229188320.0
KR7047080007,275121940.0,6314457.0,34015607910.0
KR7047310008,15868090.0,1383403.0,1949505105.0
KR7047440003,4754865.0,1412671.0,993121640.0
KR7047560008,262961500.0,2431472.0,19691772950.0
KR7047820006,16977080.0,4945139.0,4294094285.0
KR7048260004,1900784950.0,2358689.0,63933645200.0
KR7048410005,124592815.0,8561513.0,18635738890.0
KR7048430003,29001170.0,841648.0,2423073450.0
KR7048470009,15499830.0,2092121.0,2964768365.0
KR7048530000,1899275400.0,2396625.0,69028092500.0
KR7048550008,16608575.0,3159021.0,3014565225.0
KR7048770002,56327860.0,1451258.0,7203669430.0
KR7048830004,3978195.0,806224.0,1278332075.0
KR7048870000,2760270.0,806159.0,528731950.0
KR7048910004,34842170.0,1232699.0,4543700990.0
KR7049070006,123135750.0,421930.0,4632709200.0
KR7049080005,156795460.0,10054418.0,47650743150.0
KR7049120009,3081995.0,1783987.0,1467035795.0
KR7049180003,49703720.0,4112365.0,9104980520.0
KR7049430002,89147250.0,1629042.0,3112082210.0
KR7049470008,17627135.0,25088967.0,14727036150.0
KR7049480007,13187430.0,7046855.0,5625121455.0
KR7049520000,142475750.0,1317553.0,7245796450.0
KR7049550007,58600990.0,824991.0,3746900720.0
KR7049630007,2851840.0,1867838.0,1547661090.0
KR7049720006,7671410.0,398730.0,757425000.0
KR7049830003,270568950.0,3644070.0,24834635150.0
KR7049950009,11663630.0,239941.0,727295250.0
KR7049960008,1420301000.0,1348311.0,41375488650.0
KR7050090000,10193130.0,8122434.0,5063576270.0
KR7050110006,19392135.0,9360539.0,10149737335.0
KR7050120005,7635665.0,4123372.0,2722831845.0
KR7050320001,13009185.0,4035248.0,3386451245.0
KR7050540004,27904080.0,3172902.0,6421935490.0
KR7050760008,1769750.0,656387.0,453288915.0
KR7050860006,8569650.0,1755644.0,2216622040.0
KR7050890003,70574270.0,2861228.0,10911269130.0
KR7051160000,9906825.0,6338654.0,2084676530.0
KR7051170009,17579745.0,4354993.0,
KR7051360006,528410900.0,7967152.0,42371744150.0
KR7051370005,237345850.0,2411884.0,13761543900.0
KR7051380004,4607335.0,554621.0,761833415.0
KR7051390003,24674990.0,1191215.0,1606237500.0
KR7051490001,84461000.0,9609673.0,29491295230.0
KR7051500007,366302800.0,645298.0,27585433600.0
KR7051780005,5275885.0,3675928.0,
KR7051980001,1899490.0,891063.0,583941860.0
KR7052020005,37071100.0,5114542.0,8458594860.0
KR7052220001,84706860.0,5549331.0,12913551980.0
KR7052260007,1147068000.0,3849576.0,32210397000.0
KR7052290004,28539025.0,8248980.0,7421348165.0
KR7052300001,6460296.0,24118675.0,8796418205.0
KR7052330008,122045550.0,2010649.0,13334687000.0
KR7052400009,1331492798.0,3553935.0,23166158900.0
KR7052420007,6668594.0,39081561.0,11446526036.0
KR7052460003,20650940.0,1022291.0,10544997200.0
KR7052600004,11792155.0,2125179.0,1913733085.0
KR7052670007,122611020.0,13222715.0,46571598780.0
KR7052710001,255171100.0,2375121.0,19319312000.0
KR7052770005,411260650.0,19257670.0,23498507790.0
KR7052790003,471733300.0,1875290.0,37261118150.0
KR7052860004,4573860.0,527929.0,752284105.0
KR7052900008,34972845.0,13060004.0,17335093595.0
KR7053030003,749191500.0,12141302.0,113072693450.0
KR7053050001,4753965.0,3339268.0,2781953635.0
KR7053060000,1800465.0,1009194.0,637887950.0
KR7053110003,91547165.0,9888121.0,28970673605.0
KR7053160008,7609685.0,422770.0,1026848525.0
KR7053260006,4894600.0,596597.0,584445245.0
KR7053270005,3564345.0,2174450.0,1267066540.0
KR7053280004,133263900.0,2385130.0,13433834050.0
KR7053290003,9066215.0,979673.0,2336962045.0
KR7053300000,234708500.0,7418897.0,38644714380.0
KR7053350005,143062430.0,7828610.0,24982296480.0
KR7053450003,88745800.0,532300.0,4150637000.0
KR7053590006,61082125.0,12099113.0,12620999250.0
KR7053591004,19607750.0,93935.0,413474450.0
KR7053610002,49731460.0,804306.0,2648328140.0
KR7053620001,84415760.0,2763350.0,3218073360.0
KR7053660007,12408490.0,1894547.0,1149417460.0
KR7053700001,60330500.0,1792214.0,7333308930.0
KR7053800009,558553500.0,650189.0,12254782050.0
KR7053810008,9414364.0,16413524.0,8783056455.0
KR7053870002,1603371.0,1708530.0,518410427.0
KR7053950002,599198190.0,20218547.0,83373557530.0
KR7053980009,118039200.0,563583.0,6477614600.0
KR7054040001,10188070.0,680785.0,1240888885.0
KR7054050000,265916950.0,1194743.0,9913594150.0
KR7054090006,12572335.0,3310717.0,4491258265.0
KR7054180005,11708560.0,3281017.0,1962219155.0
KR7054210000,54757930.0,3008149.0,9289878680.0
KR7054220009,6543305.0,8122283.0,3822205700.0
KR7054300009,22495340.0,12394981.0,12635633650.0
KR7054410006,82796470.0,1283210.0,7324338760.0
KR7054450002,17972910.0,283913.0,1232855540.0
KR7054540000,12930895.0,1452732.0,2828568315.0
KR7054620000,289410710.0,8800686.0,42731878640.0
KR7054630009,69190600.0,4966061.0,9045822060.0
KR7054670005,1637858500.0,8963769.0,113868265600.0
KR7054780002,654768465.0,70784962.0,194566852010.0
KR7054800008,21320850.0,139052.0,1428640000.0
KR7054920004,7467050.0,581188.0,683026805.0
KR7054930003,6439190.0,43921.0,166360830.0
KR7054940002,29097360.0,7394208.0,9205587915.0
KR7054950001,200539250.0,92311.0,2889862400.0
KR7056000003,3462680.0,1034388.0,865494700.0
KR7056080005,98351660.0,4422680.0,12146976850.0
KR7056190002,820495850.0,443818.0,10144074900.0
KR7056360001,21976050.0,989909.0,2058423030.0
KR7056700008,17452105.0,2577360.0,3173478480.0
KR7056730005,12165935.0,15308152.0,9885036995.0
KR7057030009,8027380.0,463613.0,1148292160.0
KR7057500001,9772100.0,3019843.0,3143014205.0
KR7057540007,175445850.0,79125161.0,63601976630.0
KR7057680001,9184490.0,1502444.0,2879056435.0
KR7057880007,3044755.0,1020334.0,708152065.0
KR7058220005,3340355.0,781674.0,712170500.0
KR7058400003,3904170.0,42254.0,170147090.0
KR7058420001,8762595.0,7117625.0,
KR7058450008,8685810.0,1232853.0,1733342810.0
KR7058470006,842106600.0,365779.0,8549545650.0
KR7058530007,88772000.0,11719869.0,29708148285.0
KR7058610007,24361090.0,1246254.0,4031130630.0
KR7058630005,121655780.0,8146107.0,32769244910.0
KR7058820002,56795930.0,69197878.0,25742389165.0
KR7059090001,26267645.0,9218672.0,3503858410.0
KR7059100008,119065850.0,1148469.0,12104174250.0
KR7059120006,6865415.0,265355.0,812392690.0
KR7059210005,423016590.0,20704373.0,70570150830.0
KR7060150000,56992215.0,3521921.0,9906908730.0
KR7060230000,4132285.0,464767.0,644383115.0
KR7060240009,238194600.0,4658316.0,28197791350.0
KR7060250008,640736400.0,2004240.0,33143783600.0
KR7060260007,9803645.0,8343083.0,6146981945.0
KR7060280005,10294330.0,350679.0,1014423200.0
KR7060300001,139059610.0,7182081.0,33073862630.0
KR7060310000,24882555.0,5308868.0,8558595505.0
KR7060370004,54752745.0,2381140.0,5324946345.0
KR7060380003,6895335.0,943849.0,1452663155.0
KR7060480001,6576815.0,1597395.0,1898156410.0
KR7060540002,2737035.0,1504315.0,838040935.0
KR7060560000,8527360.0,1111205.0,1345988465.0
KR7060570009,41793110.0,2493858.0,6451489390.0
KR7060590007,951354850.0,11011479.0,110450650450.0
KR7060720000,572615850.0,4327193.0,51431597250.0
KR7061040002,87648470.0,2262010.0,8537650720.0
KR7061250007,186380420.0,9624909.0,13720926630.0
KR7061460002,69027860.0,24037758.0,36311203730.0
KR7061970000,2507060.0,851460.0,586311610.0
KR7062860002,19596170.0,473558.0,1313991690.0
KR7063080006,2566648800.0,1166972.0,52836315400.0
KR7063170005,747312550.0,8643144.0,106992476950.0
KR7063440002,12349185.0,6932799.0,3208388610.0
KR7063570006,29772030.0,1981985.0,3178317550.0
KR7064090004,14088015.0,11999500.0,6213338220.0
KR7064240005,76527590.0,6830798.0,18432217110.0
KR7064260003,458362330.0,21262220.0,150748291490.0
KR7064290000,9943390.0,957632.0,1054878105.0
KR7064480007,19742085.0,1616377.0,1876579100.0
KR7064520000,7415105.0,9495271.0,5692203530.0
KR7064550007,217831730.0,14739395.0,20541656830.0
KR7064760002,258853700.0,1358380.0,15762182650.0
KR7064800006,39151080.0,2220939.0,4517980730.0
KR7064820004,60027790.0,10449949.0,21333869110.0
KR7065060006,64791525.0,68402999.0,36477408545.0
KR7065130007,38833860.0,3050042.0,12743180960.0
KR7065150005,84265495.0,11741761.0,22050834705.0
KR7065160004,217422395.0,39227242.0,39249432380.0
KR7065170003,46372160.0,11068857.0,17156342845.0
KR7065270001,26589625.0,2006725.0,4249404525.0
KR7065350001,43737800.0,4599557.0,11531853885.0
KR7065440000,7817565.0,1062228.0,1118823365.0
KR7065450009,10149725.0,5403397.0,3280934430.0
KR7065500001,1138452.0,1394475.0,481411896.0
KR7065510000,401352800.0,3805411.0,44596928150.0
KR7065530008,60040600.0,299897.0,3147002050.0
KR7065560005,87191850.0,6058199.0,14470534180.0
KR7065570004,58193940.0,1173130.0,7019427800.0
KR7065620007,9777040.0,279217.0,707151420.0
KR7065650004,51470830.0,3599858.0,9220255395.0
KR7065680001,45510050.0,284005.0,1741814050.0
KR7065690000,6125155.0,575682.0,1019609020.0
KR7065710006,14474620.0,288627.0,1171846360.0
KR7065770000,8479660.0,1099549.0,1732250910.0
KR7065940009,71292370.0,1509754.0,5886178560.0
KR7065950008,1588518320.0,100925754.0,408119798200.0
KR7066130006,173070450.0,5648227.0,18256630370.0
KR7066270000,30873800.0,782673.0,2438799120.0
KR7066310004,25167150.0,1182548.0,3960392860.0
KR7066410002,6683739.0,9320407.0,4095684151.0
KR7066430000,2942660.0,3463359.0,1027669725.0
KR7066590001,8707305.0,4228522.0,3540850930.0
KR7066620006,244433700.0,570584.0,5507864150.0
KR7066670001,58945425.0,3842183.0,9104319170.0
KR7066700006,301867110.0,15089889.0,79222463610.0
KR7066790007,7769005.0,26046325.0,7298039923.0
KR7066900002,4575090.0,255001.0,514733975.0
KR7066910001,341909630.0,21104277.0,71548572990.0
KR7066970005,21416180.0,914109.0,2119317930.0
KR7066980004,97284765.0,76780519.0,76052526205.0
KR7067000000,423810450.0,1924783.0,31788392700.0
KR7067010009,6867395.0,373352.0,834379235.0
KR7067080002,995317100.0,9300432.0,66666115800.0
KR7067160002,429743000.0,3225459.0,29175649300.0
KR7067170001,30262040.0,1423638.0,3754657560.0
KR7067280008,697984700.0,697354.0,26593426500.0
KR7067290007,255505060.0,15613771.0,44347198520.0
KR7067310003,123106790.0,4338081.0,21900932630.0
KR7067390005,705041150.0,3749590.0,56589542650.0
KR7067570002,13342455.0,1036730.0,1925724240.0
KR7067630004,18972620.0,3648885.0,6708122670.0
KR7067770008,53930855.0,6346885.0,16473688985.0
KR7067900001,4160435.0,436788.0,790901050.0
KR7067920009,7239205.0,439550.0,1140787735.0
KR7067990002,46207465.0,2503287.0,6037858805.0
KR7068050004,75029800.0,2752571.0,7326142120.0
KR7068150002,5281869.0,7653885.0,2300787730.0
KR7068240001,532412050.0,2385053.0,40136284700.0
KR7068270008,7450030900.0,12117341.0,465205242000.0
KR7068330000,74901310.0,70319299.0,61038078055.0
KR7068760008,211844950.0,1798508.0,20366502000.0
KR7068790005,51518350.0,3081828.0,11293203170.0
KR7068930007,48744450.0,5049420.0,1948407955.0
KR7068940006,66440860.0,5647298.0,12111667040.0
KR7069080000,2127251050.0,10089337.0,132416718050.0
KR7069110005,2450506300.0,9189860.0,118237042250.0
KR7069140002,8007590.0,439540.0,286356100.0
KR7069330009,20370345.0,2679025.0,5233348980.0
KR7069410009,81677300.0,1411445.0,5777594850.0
KR7069510006,36996250.0,279560.0,1683590970.0
KR7069540003,17096235.0,1435138.0,3466184055.0
KR7069920007,182547090.0,5213317.0,24427108820.0
KR7070300009,27327620.0,848818.0,2586667980.0
KR7070590005,6902305.0,1132196.0,1377507320.0
KR7071200000,530802360.0,17835130.0,63328891430.0
KR7071280002,5307915.0,517124.0,986290050.0
KR7071670004,8100340.0,279693.0,436067710.0
KR7071850002,47408940.0,1415626.0,4109118630.0
KR7072020001,955162350.0,13738752.0,183631557700.0
KR7072470008,53142950.0,1870626.0,4353687140.0
KR7072520000,10925250.0,539930.0,1318658360.0
KR7072770001,9494860.0,3701631.0,2877098095.0
KR7072870009,705676350.0,807453.0,4995599650.0
KR7072950009,7662160.0,804439.0,1627755100.0
KR7073010001,5445645.0,874519.0,257543960.0
KR7073070005,8459720.0,423241.0,1062957420.0
KR7073110009,133896950.0,1105054.0,7568295100.0
KR7073190001,4329840.0,624709.0,564444855.0
KR7073490005,17981890.0,331198.0,1655640580.0
KR7073540007,6459275.0,1407206.0,1175405785.0
KR7073570004,2438428.0,2273364.0,1138658943.0
KR7073640005,2981192.0,2718628.0,1268612881.0
KR7074150004,2208096.0,5169569.0,700858808.0
KR7074430000,6617515.0,7202936.0,5830886950.0
KR7074600008,215773000.0,1290013.0,13303082950.0
KR7075130005,12307045.0,675931.0,1531733670.0
KR7075970004,12922980.0,4217178.0,730219555.0
KR7076080001,15606930.0,3004349.0,3667371625.0
KR7076610005,27043210.0,1515896.0,2900031350.0
KR7077280006,3851890.0,366842.0,461937120.0
KR7077360006,105419240.0,909492.0,4541376380.0
KR7078020005,47015050.0,843787.0,3778316400.0
KR7078070000,163709850.0,2610876.0,17251531200.0
KR7078140001,307607750.0,5672556.0,31218392650.0
KR7078150000,6222465.0,9909815.0,5474711835.0
KR7078160009,3456848900.0,1914948.0,78438110200.0
KR7078340007,9831695000.0,2695255.0,194580409000.0
KR7078350006,32177210.0,1408360.0,4995516130.0
KR7078590007,1888935.0,1167313.0,623085610.0
KR7078600004,8035710.0,311132.0,855961670.0
KR7078650009,11119125.0,866685.0,1044930705.0
KR7078780004,1447459.0,2573915.0,317119775.0
KR7078860004,13986340.0,704294.0,1894277780.0
KR7078890001,557471550.0,12145886.0,77096378200.0
KR7078940004,16923090.0,8832722.0,9007073200.0
KR7079000006,40192000.0,277516.0,2103454650.0
KR7079170007,8940300.0,374549.0,930234430.0
KR7079190005,4709915.0,2803335.0,4830574350.0
KR7079370003,203115250.0,887853.0,8528633800.0
KR7079650008,227918000.0,46357.0,2554786800.0
KR7079810008,5957300.0,947477.0,1881342205.0
KR7079940003,24426005.0,1435233.0,3636688130.0
KR7079950002,33306235.0,1806745.0,2995359925.0
KR7079960001,38313150.0,555878.0,2538093380.0
KR7079970000,36466555.0,2010640.0,7167020615.0
KR7080000003,16427020.0,639426.0,973984135.0
KR7080010002,22756005.0,1208051.0,2911805760.0
KR7080160005,1400585950.0,2993310.0,47590242950.0
KR7080220007,76569945.0,5032374.0,12173217090.0
KR7080420003,191071550.0,638361.0,2655476100.0
KR7080440001,1106604.0,2908954.0,837060252.0
KR7080470008,37500260.0,3714120.0,4957743360.0
KR7080520000,105125500.0,1077544.0,5358498290.0
KR7080530009,37303510.0,4480682.0,6855498255.0
KR7080580004,69508950.0,964684.0,4887297800.0
KR7081150005,1787555.0,577731.0,428726205.0
KR7081580003,17298530.0,1898660.0,4910011935.0
KR7081970006,17368730.0,1232058.0,1643209820.0
KR7082210006,68132320.0,3189304.0,9986130300.0
KR7082270000,3592871650.0,15145914.0,272352260100.0
KR7082390006,4100290.0,5235510.0,1512348138.0
KR7082660002,5538770.0,635091.0,834245540.0
KR7082800004,1959085.0,1034883.0,640588050.0
KR7082850009,19267835.0,2823157.0,2885775380.0
KR7082920000,36280770.0,1067590.0,3728986720.0
KR7083310003,420092850.0,5940193.0,18995277350.0
KR7083450007,44057670.0,1638835.0,6102467320.0
KR7083470005,11664940.0,1834846.0,1673023855.0
KR7083550004,124150215.0,87138238.0,158121750330.0
KR7083640003,46718210.0,1450761.0,4853389020.0
KR7083650002,23285775.0,822726.0,1701319230.0
KR7083660001,1719935.0,512610.0,503844325.0
KR7083790006,446598700.0,9556834.0,30957696250.0
KR7083930008,7358865.0,570870.0,980467995.0
KR7084110006,1517147100.0,733694.0,30943966500.0
KR7084180009,4334045.0,369259.0,746616815.0
KR7084370006,301635950.0,1832377.0,16113487600.0
KR7084650001,393129500.0,936282.0,13794467050.0
KR7084730001,82598600.0,872981.0,7007228500.0
KR7084990001,5395996300.0,1759735.0,74770831400.0
KR7085370005,758731050.0,1364354.0,40294102900.0
KR7085660009,430675900.0,8081996.0,60711202300.0
KR7085670008,6068165.0,994376.0,1061274410.0
KR7085810000,60079870.0,1205184.0,4353323000.0
KR7085910008,36663260.0,1171574.0,3676911120.0
KR7086040003,63500205.0,6578319.0,16447620645.0
KR7086060001,103394230.0,12432317.0,18396024235.0
KR7086200003,33595945.0,3805426.0,14085271885.0
KR7086250008,7853705.0,1350184.0,1928763980.0
KR7086390002,461653300.0,6422061.0,28619343250.0
KR7086450004,1384835500.0,807648.0,23970401200.0
KR7086520004,120391410.0,3082602.0,11420081450.0
KR7086670007,4944040.0,146532.0,386522140.0
KR7086830007,7948076.0,5765661.0,2559384754.0
KR7086890001,127659970.0,3684597.0,17344372600.0
KR7086900008,20536081834.0,423669.0,95118117700.0
KR7086960002,405505650.0,1369472.0,6230259800.0
KR7086980000,234195260.0,11603872.0,33971991060.0
KR7087220000,10005215.0,3425915.0,2888021280.0
KR7087730008,29913750.0,310512.0,1524278600.0
KR7088130000,266959400.0,2453719.0,16340011250.0
KR7088290002,927615.0,460378.0,304775170.0
KR7088390000,95427050.0,1275685.0,8194927750.0
KR7088800008,40783960.0,4367772.0,12176296580.0
KR7088910005,51303415.0,3697210.0,5398868585.0
KR7089010003,41199390.0,583884.0,1765270190.0
KR7089030001,177049570.0,3837334.0,18884191890.0
KR7089140008,29741080.0,988322.0,3630769110.0
KR7089150007,6266470.0,1680249.0,1353210685.0
KR7089230007,1723643.0,1241847.0,439131140.0
KR7089530000,7327260.0,6702291.0,4748624965.0
KR7089600001,249598600.0,231408.0,5729142200.0
KR7089790000,39543160.0,1664320.0,2719890260.0
KR7089850002,64581350.0,1189076.0,7020142850.0
KR7089890008,3186020.0,371905.0,613308565.0
KR7089980007,15758965.0,638293.0,1828318130.0
KR7090150004,3913320.0,898489.0,1065486450.0
KR7090360009,204235850.0,6930863.0,40604280490.0
KR7090410002,67674570.0,1315421.0,5404628210.0
KR7090460007,54301620.0,710673.0,2089707320.0
KR7090470006,22077375.0,1410068.0,2659760540.0
KR7090710005,60044110.0,2242294.0,5762273030.0
KR7090730003,8823910.0,249403.0,470286580.0
KR7090740002,5735240.0,542798.0,553734485.0
KR7090850009,120428950.0,1529019.0,11396537150.0
KR7091120006,102022250.0,2011430.0,10971681780.0
KR7091340000,10816325.0,755837.0,1107306935.0
KR7091440008,34960505.0,3022403.0,5540569225.0
KR7091580001,13425425.0,1099410.0,2365279575.0
KR7091590000,17000030.0,651362.0,1951266190.0
KR7091700005,585964810.0,17593469.0,92894735980.0
KR7091970004,3819970.0,617178.0,775755615.0
KR7092040005,2822888600.0,1451918.0,55437431100.0
KR7092070002,373824900.0,898777.0,12658106150.0
KR7092130004,15414850.0,221008.0,1206962230.0
KR7092300003,1848825.0,434675.0,393059630.0
KR7092460005,14776550.0,715431.0,2723586800.0
KR7092600006,19833040.0,820152.0,2615044950.0
KR7092730001,739913800.0,2362117.0,22863279900.0
KR7093190007,62230750.0,986124.0,6440492400.0
KR7093320000,42443350.0,413159.0,3455916700.0
KR7093380004,7442410.0,582521.0,947635810.0
KR7093520005,28873665.0,4132444.0,5283569825.0
KR7093640001,12316350.0,1301810.0,1115474510.0
KR7093920007,101811450.0,1590761.0,8308457300.0
KR7094190006,22265935.0,2328753.0,4104292140.0
KR7094480001,65303750.0,3834463.0,19724415990.0
KR7094820008,8063725.0,445360.0,954534075.0
KR7094840006,206705050.0,1180479.0,9760348800.0
KR7094850005,86369450.0,1116345.0,6959171550.0
KR7094860004,2229233.0,6574508.0,1193710453.0
KR7094940004,11251370.0,376443.0,567022975.0
KR7094970001,4216285.0,1328560.0,1661213455.0
KR7095190005,20025455.0,1308827.0,4108043540.0
KR7095270005,95917450.0,540842.0,3847955500.0
KR7095300000,7292030.0,958817.0,1737483025.0
KR7095340006,885104500.0,882776.0,21101334900.0
KR7095500005,45793250.0,875053.0,2876032250.0
KR7095610002,363956350.0,1697878.0,14137067200.0
KR7095660007,276046350.0,1960994.0,14448441800.0
KR7095700001,898917400.0,374995.0,20475933600.0
KR7095910006,31965590.0,753317.0,3754998180.0
KR7096040001,2324250.0,26385781.0,3722192136.0
KR7096240007,73586050.0,677805.0,3637494050.0
KR7096350004,3451860.0,1144236.0,2160115585.0
KR7096530001,3665341200.0,8726036.0,213593139100.0
KR7096610001,31182210.0,560331.0,2276715400.0
KR7096630009,7707140.0,12650680.0,6680481410.0
KR7096640008,36807165.0,1933112.0,3258273400.0
KR7096690003,4213835.0,946219.0,1412020240.0
KR7096870001,8938350.0,1637966.0,2812403415.0
KR7097520001,1372670200.0,2150445.0,28319277900.0
KR7097780001,23583910.0,1353907.0,3994886280.0
KR7097800007,1931195.0,510513.0,458907360.0
KR7097870000,388807800.0,576794.0,10193572400.0
KR7098120009,88315100.0,1332963.0,9240285600.0
KR7098460009,518948500.0,330669.0,6970454900.0
KR7098660004,10343600.0,635542.0,1171312080.0
KR7099190001,1207849600.0,1114411.0,33476299700.0
KR7099220006,10018409.0,10007083.0,2220803728.0
KR7099320004,41773200.0,187020.0,1464271800.0
KR7099410003,4586225.0,1218038.0,1039859165.0
KR7099440000,54031765.0,6536778.0,12393000925.0
KR7099520009,16878020.0,2226311.0,1687157740.0
KR7099660003,4501655.0,1439217.0,1553194125.0
KR7099830002,151238460.0,20849919.0,47661817685.0
KR7100030006,47557300.0,860544.0,5372545600.0
KR7100090000,4235555.0,166726.0,298525695.0
KR7100120005,585463350.0,1315696.0,16227221200.0
KR7100130004,32117460.0,2483830.0,4392128930.0
KR7100660000,2948960.0,190979.0,452228030.0
KR7100700004,182261850.0,13869061.0,45892994430.0
KR7101000008,2307605.0,134620.0,244517050.0
KR7101160000,3669510.0,969808.0,875813165.0
KR7101170009,11778210.0,952781.0,1401229090.0
KR7101240000,213960550.0,4516977.0,25797391250.0
KR7101330009,160762000.0,3327171.0,16515808340.0
KR7101390003,19472900.0,1968969.0,1349290570.0
KR7101400000,3000425.0,656254.0,622886955.0
KR7101490001,167284940.0,4733684.0,13687078530.0
KR7101670008,11583195.0,1097713.0,2019144010.0
KR7101680007,15143560.0,360451.0,863162955.0
KR7101730000,142748650.0,538953.0,4511811100.0
KR7101930006,11052880.0,360259.0,1009138970.0
KR7102120003,34389045.0,1951167.0,3770161475.0
KR7102210002,60399920.0,416182.0,2220552480.0
KR7102710001,328307000.0,2354950.0,21993325950.0
KR7102940004,3925003200.0,1428939.0,40288007000.0
KR7103230009,11478635.0,1116902.0,1804044580.0
KR7104040001,20173680.0,505283.0,1320756360.0
KR7104200001,102193400.0,2061970.0,10619644250.0
KR7104460001,26230950.0,1414624.0,3603274240.0
KR7104480009,28816170.0,11153879.0,11452904550.0
KR7104540000,115917350.0,1461130.0,4498382000.0
KR7104830005,676703950.0,324721.0,3722909000.0
KR7105330005,10949220.0,359513.0,950532730.0
KR7105550008,47418020.0,1200978.0,2864991650.0
KR7105740005,8579530.0,941838.0,3966105920.0
KR7106080005,24999255.0,2916579.0,6174978820.0
KR7106190002,149947300.0,3266897.0,15173438050.0
KR7106240005,197755790.0,16214568.0,43098491595.0
KR7106520000,99100650.0,2131416.0,14494483600.0
KR7108230004,113238800.0,1213306.0,9251885800.0
KR7108320003,600359900.0,832567.0,18502725800.0
KR7108380007,76800900.0,389561.0,2743020950.0
KR7108790007,574711400.0,3779703.0,40429862500.0
KR7108860008,48293400.0,4926600.0,13691937245.0
KR7109080002,9477205.0,333034.0,776243250.0
KR7109740001,47505240.0,1229231.0,6457238720.0
KR7109820001,34908785.0,4832282.0,7843054885.0
KR7109860007,15523290.0,251886.0,987227460.0
KR7109960005,41327050.0,9411425.0,129708351050.0
KR7111820007,10520010.0,495291.0,1039992420.0
KR7111870002,40484990.0,1407990.0,6284845180.0
KR7112040001,757442250.0,1596898.0,27353645750.0
KR7112240007,7185205.0,968911.0,772830880.0
KR7113810006,3009065.0,2978249.0,1934544525.0
KR7114120009,298671250.0,6447924.0,26667810950.0
KR7114190002,20515235.0,3736274.0,5709347650.0
KR7114450000,118058515.0,11657308.0,13268970260.0
KR7114570005,672428650.0,4403660.0,49412662100.0
KR7114630007,55656975.0,3140734.0,7158898795.0
KR7114810005,184294550.0,706103.0,9810890700.0
KR7115160004,282188450.0,1305694.0,12198834400.0
KR7115310005,108474850.0,158851.0,2406756200.0
KR7115440000,5812475.0,468278.0,1113326135.0
KR7115450009,160346020.0,6406332.0,22569984360.0
KR7115480006,92336950.0,1812780.0,9309139400.0
KR7115500001,7479070.0,554392.0,535109120.0
KR7115530008,2459725.0,87556.0,232511680.0
KR7115570004,14742700.0,302999.0,1015468650.0
KR7115610008,14213810.0,611691.0,1656245615.0
KR7117670000,10782495.0,599927.0,1102862710.0
KR7119500007,3753190.0,284583.0,437129835.0
KR7119610004,245551800.0,596903.0,4367494650.0
KR7119830008,3812675.0,666642.0,1662654705.0
KR7119850006,98067440.0,2297169.0,9876583320.0
KR7119860005,155476650.0,2747773.0,22219109800.0
KR7120240007,77811100.0,1346199.0,7984365850.0
KR7121440002,372096500.0,6151714.0,45845668650.0
KR7121600001,762967600.0,2966354.0,18499652400.0
KR7121800007,4381125.0,535082.0,861652370.0
KR7121850002,77884055.0,9542028.0,18630999565.0
KR7121890008,3864260.0,196189.0,441235280.0
KR7122350002,44983160.0,3036606.0,5176847900.0
KR7122450000,119464200.0,1862674.0,9966034100.0
KR7122690001,14933950.0,1579253.0,2343587830.0
KR7122800006,14699975.0,479844.0,1503162050.0
KR7122870009,1604161600.0,2342943.0,38762646850.0
KR7122990005,297191850.0,9927041.0,36174024760.0
KR7123040008,9195435.0,480341.0,769497490.0
KR7123100000,472857050.0,2759979.0,26020053550.0
KR7123260002,94954250.0,1021665.0,6925176050.0
KR7123330003,904421800.0,2013941.0,29412991150.0
KR7123410003,40381690.0,715716.0,1323547320.0
KR7123420002,511207650.0,7808478.0,67211330250.0
KR7123570004,5979070.0,145844.0,410929920.0
KR7123750002,129526580.0,2891313.0,9643673470.0
KR7123840001,12939315.0,11396059.0,10042288490.0
KR7123860009,97104050.0,1270926.0,6923027500.0
KR7124500000,301537550.0,1727158.0,23586674600.0
KR7126600006,190798450.0,960209.0,9230666050.0
KR7126640002,2629675.0,1533589.0,847731235.0
KR7126700004,279248790.0,6645918.0,34411438750.0
KR7126870005,31083950.0,859212.0,5799191850.0
KR7126880004,5747005.0,172566.0,620905125.0
KR7127120004,113227250.0,1424525.0,14556745800.0
KR7128660008,3274290.0,862666.0,764545500.0
KR7130500002,7176035.0,422170.0,226158705.0
KR7130580004,13547165.0,724599.0,1529276670.0
KR7130740004,7724035.0,1163210.0,1300444030.0
KR7130960008,2793704600.0,2178830.0,60625418900.0
KR7131030009,241848650.0,2973460.0,19007127500.0
KR7131090003,11631715.0,881658.0,2030106260.0
KR7131100000,4937805.0,1115860.0,1586345940.0
KR7131180002,8442640.0,3222098.0,2420833550.0
KR7131220006,68618990.0,2228745.0,3483126790.0
KR7131290009,84173500.0,283142.0,2155775600.0
KR7131370009,23906735.0,3405979.0,4691077445.0
KR7131390007,12447315.0,1115133.0,3541423240.0
KR7131400004,3793310.0,1533563.0,708287715.0
KR7131970006,140130400.0,1019445.0,8715376500.0
KR7134060003,39496860.0,4756604.0,12418554130.0
KR7134580000,13939745.0,735237.0,1581961515.0
KR7134780006,16967665.0,653248.0,1435303385.0
KR7136480001,49615915.0,2399472.0,5281722890.0
KR7136510005,4363010.0,205617.0,468698895.0
KR7136540002,25688330.0,353377.0,1284522160.0
KR7137400008,41224800.0,1422867.0,4209674780.0
KR7137940003,7779525.0,406930.0,808039880.0
KR7137950002,1980530.0,249709.0,406810615.0
KR7138070008,220568100.0,727741.0,11489360550.0
KR7138080007,80662450.0,439360.0,3820804250.0
KR7138360003,505593400.0,2319879.0,17657437950.0
KR7138610001,140436350.0,2071105.0,19480611700.0
KR7138690003,317012750.0,3487413.0,35054427600.0
KR7139050009,13349530.0,3150125.0,4397244535.0
KR7139670004,10474120.0,215160.0,491060660.0
KR7140410002,1225028950.0,4002295.0,63346673250.0
KR7140520008,43447365.0,4675123.0,5884857625.0
KR7141000000,298941750.0,4480185.0,31751805050.0
KR7141020008,49942210.0,1437019.0,8460505450.0
KR7141070003,5410675.0,885983.0,1073376590.0
KR7141080002,171754600.0,855988.0,12532113500.0
KR7142280007,358895950.0,2593997.0,9265427400.0
KR7143160000,57845350.0,303909.0,3651251450.0
KR7143240000,149274250.0,1194068.0,6937518550.0
KR7143540003,22056400.0,672795.0,2669095960.0
KR7147830004,28315425.0,1440732.0,2099967655.0
KR7149940009,37256645.0,2582497.0,5741518485.0
KR7149950008,72481350.0,842631.0,2721437710.0
KR7149980005,1268471100.0,273927.0,10520866700.0
KR7150840007,68795500.0,1510373.0,9689675300.0
KR7150900009,19053720.0,281034.0,1459797270.0
KR7151860004,85900710.0,5118296.0,14739748100.0
KR7151910007,34170450.0,799693.0,3239339030.0
KR7153460001,29805890.0,958506.0,2393273830.0
KR7153490008,5811245.0,1405159.0,1705316405.0
KR7154040000,107608120.0,2667590.0,13480279300.0
KR7155650005,5673825.0,607654.0,992537360.0
KR7155960008,34568010.0,1758204.0,3474581645.0
KR7158310003,43498310.0,1572167.0,3538893660.0
KR7158380006,2662845.0,269952.0,408063110.0
KR7159580000,140264650.0,1822836.0,11055991900.0
KR7159910009,5836545.0,4444471.0,3612547870.0
KR7160550000,275668050.0,953786.0,8774084250.0
KR7161570007,30739495.0,2077281.0,3255704110.0
KR7168330009,9195106250.0,119277145.0,1202219123300.0
KR7170030001,33302860.0,819910.0,2046348690.0
KR7170790000,33688820.0,510606.0,2147172240.0
KR7170920003,56455100.0,411748.0,3453686100.0
KR7171010002,5196030.0,465992.0,1376147300.0
KR7171120009,283195900.0,1364558.0,12512295050.0
KR7173940008,373945650.0,3098440.0,27816839750.0
KR7177830007,24469830.0,633332.0,2457709730.0
KR7178920005,139444400.0,2778192.0,22591323650.0
KR7182360008,12908335.0,2902292.0,3451762815.0
KR7182690008,16044260.0,1162655.0,2032346510.0
KR7184230001,3489150.0,2077677.0,3133014825.0
KR7187220009,149234000.0,666062.0,6626626350.0
KR7187270004,12193905.0,530554.0,1066640915.0
KR7187420005,1522028000.0,15036268.0,175476206150.0
KR7187790001,6709565.0,1429841.0,2683052750.0
KR7189690001,67630270.0,2040684.0,5203253300.0
KR7189860000,167012750.0,2521837.0,23645235700.0
KR7191420009,351654000.0,725607.0,15956324800.0
KR7192250009,25120225.0,8581827.0,7850535225.0
KR7192390003,48231940.0,1385626.0,4807378880.0
KR7192410009,28544650.0,492170.0,2227215440.0
KR7192440006,4439644900.0,1092881.0,50982154400.0
KR7193250008,25531580.0,578878.0,2930069690.0
KR7194480000,392221900.0,1260114.0,19443801800.0
KR7194510004,836749400.0,1907250.0,36456252200.0
KR7194610002,11025275.0,1518627.0,3095981130.0
KR7195990007,245317350.0,1957149.0,15216479750.0
KR7196170005,752274000.0,1760315.0,12766260800.0
KR7196450001,21473830.0,2642918.0,5105420975.0
KR7196490007,12685630.0,884846.0,2283412420.0
KR7200130003,178333850.0,2590656.0,20065805950.0
KR7200230001,28395200.0,498646.0,2349982100.0
KR7200470003,11702755.0,5513249.0,6321179435.0
KR7200670008,3926564500.0,2097226.0,73740240200.0
KR7200710002,211203500.0,576979.0,8872735050.0
KR7200780005,316635900.0,712866.0,12518037950.0
KR7203650007,1272380.0,510946.0,678785180.0
KR7204440002,1207785.0,825931.0,1063675225.0
KR7204620009,728520.0,365699.0,319650120.0
KR7204650006,1913265.0,513100.0,585658730.0
KR7204760003,1476390.0,566633.0,563825595.0
KR7204840003,822430.0,522789.0,646438270.0
KR7205100001,22406590.0,1274123.0,3400606200.0
KR7205470008,595605.0,250031.0,291114735.0
KR7206400004,2506195.0,661779.0,1056147855.0
KR7206640005,54819970.0,14779211.0,36183848880.0
KR7206660003,809165.0,439481.0,494312310.0
KR7207720004,874765.0,353605.0,492931625.0
KR7207930009,968715.0,485651.0,558444430.0
KR7208140004,727215.0,524747.0,415557250.0
KR7208350009,1283425.0,334240.0,217674890.0
KR7208370007,915210.0,270929.0,193421365.0
KR7208640003,2077505.0,1789130.0,1730821725.0
KR7208710004,674130.0,227435.0,254849265.0
KR7208870006,32094825.0,6727211.0,13330931505.0
KR7213420003,105345700.0,386009.0,3104934250.0
KR7214150005,1075215.0,400979.0,503249395.0
KR7214270001,2690935.0,624074.0,1121353415.0
KR7214680001,5461490.0,1209359.0,1496170225.0
KR7215000001,1796402900.0,528761.0,39726761500.0
KR7215090002,1273950.0,699842.0,728039250.0
KR7215100009,1679225.0,502079.0,582173700.0
KR7215200007,264323700.0,60283.0,2149567200.0
KR7215360009,154935650.0,1243270.0,9003998400.0
KR7215380007,2881830.0,1006038.0,1161078340.0
KR7215480005,17252640.0,1664863.0,2555887965.0
KR7215580002,2120155.0,669273.0,681230750.0
KR7215750001,2922860.0,1517443.0,1613537610.0
KR7215790007,1354455.0,384902.0,441767775.0
KR8392070007,8057795.0,964992.0,942567710.0
KR8840090003,320223800.0,10370713.0,39490367070.0
KYG210AT1036,38312285.0,11314674.0,13572712305.0
KYG2114A1094,151256465.0,10865496.0,19432602145.0
KYG3931T1076,5498700.0,3083014.0,3217021015.0
USU652221081,102440005.0,87566353.0,82394056950.0
