MBR_NO,BRN_NO,0
1,1,108494.0
1,3,47675.0
1,4,54280.0
1,5,49356.0
1,6,69929.0
1,7,147636.0
1,8,43088.0
1,9,210983.0
1,11,53319.0
1,12,87802.0
1,13,78554.0
1,15,37409.0
1,16,118684.0
1,19,98651.0
1,20,49119.0
1,21,68924.0
1,22,49664.0
1,24,63271.0
1,26,50083.0
1,27,50408.0
1,29,73348.0
1,31,39665.0
1,32,85443.0
1,34,68323.0
1,36,62308.0
1,39,26786.0
1,42,88546.0
1,56,58119.0
1,57,12746.0
1,66,50296.0
1,68,48700.0
1,71,307.0
1,72,45601.0
1,75,615.0
1,77,12281.0
1,79,20223.0
1,84,57653.0
1,88,532.0
1,91,21786.0
1,92,2818.0
1,97,25448.0
1,98,7280.0
1,99,99438.0
1,102,1239.0
1,105,1052213.0
1,112,47396.0
1,115,31617.0
1,999,68.0
2,1,145754.0
2,2,86559.0
2,3,91488.0
2,4,60699.0
2,8,68610.0
2,9,53390.0
2,10,64309.0
2,12,20555.0
2,14,74243.0
2,15,112156.0
2,16,98300.0
2,17,141853.0
2,18,39053.0
2,19,103398.0
2,21,113795.0
2,22,71451.0
2,26,44281.0
2,27,34735.0
2,28,59800.0
2,29,76258.0
2,30,123162.0
2,31,97335.0
2,32,23029.0
2,33,161881.0
2,34,92108.0
2,35,81500.0
2,37,138256.0
2,39,37526.0
2,40,76481.0
2,41,61253.0
2,42,84700.0
2,43,92256.0
2,44,81069.0
2,45,70354.0
2,47,49219.0
2,49,176142.0
2,50,102643.0
2,54,87719.0
2,56,111778.0
2,60,88745.0
2,62,66178.0
2,64,147145.0
2,69,128801.0
2,70,96207.0
2,71,51395.0
2,72,16716.0
2,75,143771.0
2,77,98704.0
2,78,126105.0
2,79,5945.0
2,80,129548.0
2,81,65473.0
2,83,5380290.0
2,84,16206.0
2,85,3189.0
2,86,5033.0
2,87,12847.0
2,88,24518.0
2,89,43562.0
2,90,7245.0
2,91,952.0
2,92,157684.0
2,93,8707.0
2,94,40910.0
2,95,13549.0
2,96,7791.0
2,97,254.0
2,99,29501.0
2,102,54517.0
2,103,126784.0
2,105,108889.0
2,106,72295.0
2,107,72693.0
2,109,11157.0
2,112,67629.0
2,113,59675.0
2,114,10131.0
2,115,95520.0
2,117,88916.0
2,118,74769.0
2,119,118606.0
2,120,174530.0
2,123,96386.0
2,126,70442.0
2,130,112732.0
2,136,139581.0
2,140,108.0
2,144,1598117.0
2,145,39558.0
2,155,21590042.0
2,160,11237.0
2,161,69795.0
2,164,40676.0
2,165,28235.0
2,167,12728.0
2,168,54947.0
2,169,116667.0
2,171,11484.0
2,173,606.0
2,177,28303.0
2,179,23246.0
2,180,8454.0
2,181,20296.0
2,182,26606.0
2,183,28342.0
2,184,3377.0
2,185,34407.0
2,186,7625.0
2,187,10884.0
2,188,9130.0
2,189,23878.0
2,190,10789.0
2,191,5565.0
2,192,4739.0
2,194,12100.0
2,195,9395.0
2,196,991556.0
2,270,938452.0
2,302,20738.0
2,320,65812.0
2,334,13190.0
2,335,29922.0
2,336,17638.0
2,337,23023.0
2,338,12656.0
2,339,13947.0
2,340,23017.0
2,341,12280.0
2,342,11017.0
2,343,6605.0
2,344,10093.0
2,345,13111.0
2,346,16846.0
2,347,30406.0
2,348,27116.0
2,349,8598.0
2,350,4640.0
2,351,225.0
2,490,3933.0
2,999,820587.0
3,1020,920.0
3,1350,240435.0
3,1370,285069.0
3,1710,1577771.0
3,1750,388092.0
3,1770,14.0
3,1790,772.0
3,1800,369121.0
3,3020,75089.0
3,3040,91700.0
3,3050,63528.0
3,3070,140657.0
3,3100,58544.0
3,3170,136785.0
3,3180,115936.0
3,3190,63078.0
3,3200,798644.0
3,3210,131152.0
3,3330,40791.0
3,3340,79791.0
3,3360,71463.0
3,3380,203931.0
3,3400,180731.0
3,3420,65826.0
3,3430,112309.0
3,3450,94349.0
3,3480,98888.0
3,3510,56120.0
3,3520,62580.0
3,3590,55063.0
3,3610,141485.0
3,3650,81253.0
3,3770,48197.0
3,3830,52682.0
3,3900,27822.0
3,3910,31921.0
3,3920,16725.0
3,3930,27009.0
3,3960,71673.0
3,6010,186870.0
3,6030,80634.0
3,6050,51517.0
3,6070,55636.0
3,6080,43371.0
3,6110,81600.0
3,6120,64095.0
3,6130,62409.0
3,6150,93269.0
3,6180,44675.0
3,6190,63920.0
3,6200,65116.0
3,6220,87852.0
3,6240,47468.0
3,6260,68101.0
3,6270,53271.0
3,6280,85931.0
3,6300,74855.0
3,6320,53624.0
3,6330,53902.0
3,6350,62370.0
3,6390,85885.0
3,6400,118728.0
3,6410,82137.0
3,6420,58206.0
3,6430,77434.0
3,6440,46144.0
3,6450,146592.0
3,6460,116046.0
3,6470,96780.0
3,6500,233452.0
3,6510,219740.0
3,6580,204245.0
3,6590,174692.0
3,6600,122089.0
3,6610,58392.0
3,6620,73289.0
3,6630,87469.0
3,6640,62230.0
3,6650,78013.0
3,6690,75019.0
3,6700,39012.0
3,6730,138578.0
3,6750,54534.0
3,6760,97004.0
3,6770,114713.0
3,6780,40444.0
3,6790,35537.0
3,91196,193.0
3,91201,16075.0
3,91250,2769782.0
3,91251,1964386.0
3,91252,1809667.0
3,91253,2407741.0
3,91254,2298399.0
3,91255,2240538.0
3,91256,2226896.0
3,91257,2435731.0
3,91258,2171952.0
3,91259,2276508.0
4,9997,6805681.0
4,9998,119560.0
4,9999,3397.0
4,10000,134415.0
4,10004,76056.0
4,10008,71143.0
4,10012,103711.0
4,10014,59038.0
4,10015,112416.0
4,10018,104542.0
4,10021,65449.0
4,10022,97434.0
4,10023,28341.0
4,10025,76927.0
4,10026,62644.0
4,10030,68916.0
4,10032,113685.0
4,10033,58442.0
4,10034,41260.0
4,10035,130702.0
4,10040,108452.0
4,10041,136613.0
4,10042,103332.0
4,10043,67273.0
4,10044,117679.0
4,10045,200989.0
4,10050,64990.0
4,10052,105757.0
4,10054,137411.0
4,10055,118894.0
4,10056,59748.0
4,10057,55646.0
4,10058,123189.0
4,10062,86949.0
4,10063,77946.0
4,10064,55523.0
4,10065,52653.0
4,10066,156694.0
4,10069,66557.0
4,10071,24819.0
4,10075,112690.0
4,10078,144838.0
4,10081,96896.0
4,10082,70051.0
4,10083,36149.0
4,10086,79274.0
4,10091,134967.0
4,10093,59509.0
4,10094,110439.0
4,10099,159543.0
4,10100,59528.0
4,10106,61641.0
4,10111,56409.0
4,10112,77252.0
4,10118,6850637.0
4,10119,34217.0
4,10120,127171.0
4,10121,6200420.0
4,80029,34.0
4,80042,14070.0
4,80045,931743.0
4,80198,26785.0
4,80273,142.0
4,80274,481.0
4,80276,787.0
4,80567,692.0
5,1,292752.0
5,2,113781.0
5,3,95410.0
5,4,120152.0
5,5,60147.0
5,7,121968.0
5,12,174861.0
5,14,82882.0
5,15,46323.0
5,16,353551.0
5,20,110464.0
5,21,119138.0
5,22,97143.0
5,23,158011.0
5,24,73938.0
5,25,68150.0
5,26,103448.0
5,28,52213.0
5,29,615417.0
5,31,85322.0
5,32,61373.0
5,34,113754.0
5,35,145286.0
5,37,646538.0
5,41,138742.0
5,42,130201.0
5,43,709542.0
5,45,152193.0
5,46,187633.0
5,47,112819.0
5,48,50458.0
5,49,191806.0
5,51,182759.0
5,52,75751.0
5,53,133315.0
5,54,64029.0
5,55,204615.0
5,56,313928.0
5,57,141648.0
5,58,175154.0
5,59,1176934.0
5,61,178906.0
5,62,99883.0
5,63,459659.0
5,64,144949.0
5,65,1706501.0
5,66,106777.0
5,68,139554.0
5,69,154980.0
5,70,165566.0
5,71,174875.0
5,72,791341.0
5,73,124197.0
5,74,111211.0
5,75,93969.0
5,78,49807.0
5,79,215104.0
5,80,512889.0
5,84,106372.0
5,87,209472.0
5,88,81033.0
5,90,139240.0
5,91,90025.0
5,92,93338.0
5,93,92856.0
5,94,492072.0
5,95,73394.0
5,97,100905.0
5,98,93915.0
5,99,133067.0
5,100,740994.0
5,101,64477.0
5,102,133477.0
5,103,154727.0
5,104,115542.0
5,106,101854.0
5,108,116275.0
5,109,213336.0
5,110,89015.0
5,113,103784.0
5,114,72795.0
5,116,176251.0
5,117,5621196.0
5,118,89016.0
5,119,102137.0
5,120,72831.0
5,135,308157.0
5,136,5752750.0
5,147,44365.0
5,150,221581.0
5,152,1180672.0
5,153,128059.0
5,154,1989683.0
5,155,1938615.0
5,156,52089.0
5,158,543523.0
5,160,2753237.0
5,161,64864.0
5,162,500121.0
5,163,8419.0
5,167,559563.0
5,171,59827.0
5,175,2826483.0
5,177,89818.0
5,178,243164.0
5,179,173148.0
5,181,128798.0
5,182,29179.0
5,185,46456.0
5,190,607315.0
5,192,238255.0
5,193,338475.0
5,194,18630790.0
5,195,72847.0
5,196,35397.0
5,204,67366.0
5,211,33763.0
5,212,111143.0
5,213,26324.0
5,214,14308.0
5,215,43020.0
5,216,520218.0
5,217,60831.0
5,218,170395.0
5,219,42433.0
5,220,7024.0
5,221,235.0
5,402,598315.0
5,438,299547.0
5,440,1030761.0
5,441,847558.0
5,442,1386110.0
5,443,1004909.0
5,444,251795.0
5,445,459137.0
5,446,270569.0
5,447,858359.0
5,448,1033522.0
5,450,1427013.0
5,451,1147376.0
5,453,1362336.0
5,454,865945.0
5,455,809837.0
5,457,793857.0
5,458,191837.0
5,459,339344.0
5,460,375082.0
5,461,744788.0
5,462,510063.0
5,463,585529.0
5,464,229675.0
5,465,595432.0
5,466,337698.0
5,467,127327.0
5,468,156877.0
5,469,374043.0
5,470,418078.0
5,471,415794.0
5,472,211749.0
5,473,823543.0
5,474,229188.0
5,475,690220.0
5,476,407169.0
5,477,356619.0
5,478,148175.0
5,479,155610.0
5,480,317893.0
5,481,199462.0
5,482,220915.0
5,483,446266.0
5,484,227261.0
5,485,444747.0
5,486,672338.0
5,487,307385.0
5,488,159207.0
5,489,401081.0
5,490,432546.0
5,491,217121.0
5,492,329553.0
5,493,214648.0
5,494,467538.0
5,495,240484.0
5,496,251716.0
5,497,493091.0
5,498,236060.0
5,499,2609924.0
5,502,2393153.0
5,503,156144.0
5,504,121164.0
5,505,176032.0
5,506,127308.0
5,507,368065.0
5,508,321153.0
5,509,120069.0
5,510,993.0
5,511,24422.0
5,512,63572.0
5,917,48498.0
5,999,67208.0
6,210,13316.0
6,560,159229.0
6,570,456565.0
6,571,1402.0
6,572,1867.0
6,573,11746.0
6,574,125.0
6,575,3226.0
6,586,2.0
6,620,97518.0
6,630,57601.0
6,640,72120.0
6,670,43128.0
6,740,65872.0
6,780,69885.0
6,800,49582.0
6,810,132529.0
6,830,57711.0
6,860,93846.0
6,870,84568.0
6,880,41809.0
6,920,40168.0
8,1,1498352.0
8,2,54202.0
8,6,141153.0
8,10,134014.0
8,11,141244.0
8,16,36265.0
8,18,52846.0
8,19,30341.0
8,20,52359.0
8,21,141591.0
8,22,48432.0
8,24,42468.0
8,25,126427.0
8,29,55195.0
8,31,228948.0
8,32,76922.0
8,33,92659.0
8,34,28390.0
8,45,74643.0
8,46,108557.0
8,53,61856.0
8,57,40975.0
8,58,68813.0
8,62,57935.0
8,271,2955308.0
8,272,109906.0
8,273,368335.0
8,274,1144713.0
8,275,1061343.0
8,276,341533.0
8,277,816180.0
8,278,152735.0
8,279,242254.0
8,280,69381.0
8,298,5063014.0
8,299,413891.0
8,999,216923.0
9,1,245122.0
9,10,270324.0
9,12,47716.0
9,13,92548.0
9,26,5675.0
9,30,59726.0
9,999,1339.0
10,1001,838717.0
10,1005,539365.0
10,1006,164604.0
10,1038,29165.0
10,1045,210338.0
10,1047,9588.0
10,1048,296993.0
10,1049,579.0
10,1050,312.0
10,1051,2395.0
10,1052,146.0
10,1054,1545.0
10,1056,1835.0
10,1060,223615.0
10,1063,64337.0
10,1700,4.0
10,2999,338563.0
12,1,401494.0
12,2,80952.0
12,3,59901.0
12,4,136925.0
12,5,249828.0
12,6,16.0
12,8,132742.0
12,9,202383.0
12,10,107602.0
12,12,133795.0
12,13,190766.0
12,14,86686.0
12,15,175444.0
12,16,230855.0
12,17,203680.0
12,18,362459.0
12,19,70.0
12,20,57915.0
12,21,290997.0
12,23,305279.0
12,26,141337.0
12,27,75106.0
12,28,140564.0
12,30,168769.0
12,31,96352.0
12,32,116624.0
12,34,187890.0
12,35,281016.0
12,38,64633.0
12,39,220876.0
12,40,158778.0
12,41,106243.0
12,42,458785.0
12,48,96686.0
12,49,128477.0
12,50,121032.0
12,54,126193.0
12,55,168813.0
12,56,254626.0
12,58,168752.0
12,60,152617.0
12,61,152849.0
12,62,221874.0
12,65,129965.0
12,66,118462.0
12,67,96584.0
12,68,81945.0
12,69,48880.0
12,70,61855.0
12,71,167726.0
12,74,244274.0
12,76,272947.0
12,80,96421.0
12,82,143045.0
12,83,110172.0
12,84,169346.0
12,86,129946.0
12,87,143718.0
12,92,125406.0
12,93,120803.0
12,94,205341.0
12,95,167017.0
12,97,283788.0
12,100,11043623.0
12,106,155570.0
12,115,119038.0
12,119,242323.0
12,121,60119.0
12,123,160574.0
12,124,112309.0
12,125,302330.0
12,126,102478.0
12,129,87274.0
12,139,97978.0
12,140,138227.0
12,172,154625.0
12,197,1805333.0
12,200,119.0
12,202,5600318.0
12,207,65300.0
12,209,76030.0
12,212,38963.0
12,213,153732.0
12,999,1226725.0
13,1,527597.0
13,2,16028.0
13,7,72312.0
13,14,56735.0
13,20,96106.0
13,30,21.0
13,32,293.0
13,33,9659.0
13,999,7003.0
17,1,156639.0
17,4,83940.0
17,5,95024.0
17,6,68768.0
17,7,16147.0
17,8,85292.0
17,9,103205.0
17,10,125778.0
17,12,80285.0
17,14,101714.0
17,15,135958.0
17,16,114099.0
17,17,173438.0
17,18,156702.0
17,19,166061.0
17,20,74997.0
17,21,55287.0
17,22,184834.0
17,23,241244.0
17,24,117380.0
17,25,99891.0
17,26,114658.0
17,27,139005.0
17,28,145128.0
17,29,11675913.0
17,30,102391.0
17,31,29585.0
17,32,130049.0
17,33,92543.0
17,36,185476.0
17,38,68906.0
17,40,68409.0
17,42,148290.0
17,44,138639.0
17,45,61646.0
17,47,64933.0
17,48,70247.0
17,50,98596.0
17,51,142879.0
17,52,61818.0
17,53,56631.0
17,54,130293.0
17,55,79013.0
17,58,95068.0
17,59,103656.0
17,62,112330.0
17,63,108598.0
17,65,125145.0
17,67,81136.0
17,68,111093.0
17,69,99270.0
17,70,62357.0
17,71,98314.0
17,72,106023.0
17,73,180514.0
17,74,81279.0
17,76,107144.0
17,78,133046.0
17,79,181551.0
17,80,70501.0
17,81,85635.0
17,82,135969.0
17,83,81695.0
17,84,88801.0
17,85,393713.0
17,87,72145.0
17,88,116528.0
17,89,46280.0
17,91,73762.0
17,93,129743.0
17,95,112729.0
17,96,84096.0
17,98,103061.0
17,99,106611.0
17,100,96057.0
17,101,121916.0
17,103,92191.0
17,104,95677.0
17,107,74421.0
17,108,84304.0
17,113,114415.0
17,115,92802.0
17,122,68870.0
17,125,85778.0
17,126,78867.0
17,132,104647.0
17,133,91014.0
17,135,92306.0
17,138,63870.0
17,140,32199.0
17,141,64729.0
17,142,249488.0
17,143,59182.0
17,144,89432.0
17,145,74216.0
17,146,66421.0
17,156,17688.0
17,157,2068.0
17,158,10937.0
17,159,6829.0
17,162,3813.0
17,163,50260.0
17,164,24262.0
17,165,18618.0
17,166,21419.0
17,167,16176.0
17,168,9958.0
17,169,26675.0
17,171,16143.0
17,172,7225.0
17,173,23898.0
17,174,8816.0
17,175,13207.0
17,176,14933.0
17,177,7307.0
17,178,10905.0
17,179,8963.0
17,180,2699.0
17,181,1558.0
17,182,2675.0
17,183,67.0
17,365,2448300.0
17,700,2241520.0
17,704,2423.0
17,900,237789.0
21,31820,406880.0
21,51001,80742.0
21,51003,53032.0
21,51004,51803.0
21,51006,34090.0
21,51007,114401.0
21,51010,43556.0
21,51011,72996.0
21,51012,77844.0
21,51013,50186.0
21,51014,64898.0
21,51015,49012.0
21,51021,56680.0
21,51024,40014.0
21,51025,56628.0
21,51027,30717.0
21,51033,83359.0
21,51034,57072.0
21,51038,71378.0
21,51041,58372.0
21,51044,81407.0
21,51046,33905.0
21,51047,51521.0
21,51049,41250.0
21,51054,44881.0
21,51068,40006.0
21,51069,96132.0
21,51070,42057.0
21,51071,28120.0
21,51080,32521.0
21,51083,27707.0
21,51090,1179566.0
21,51214,22596.0
21,51215,31107.0
21,51219,106305.0
21,51221,11006.0
21,51225,13425.0
21,51238,164255.0
21,51240,41774.0
21,51244,22662.0
21,51251,86029.0
21,51258,41010.0
21,51261,33386.0
21,51267,40753.0
21,51269,39008.0
21,51272,19470.0
21,51275,25151.0
21,51277,20399.0
21,51278,13753.0
21,51279,22439.0
21,51999,11287.0
22,1,627423.0
22,6,135900.0
22,10,93504.0
22,24,70687.0
22,27,10614.0
22,30,128215.0
22,32,120791.0
22,34,59126.0
22,35,47631.0
22,36,79672.0
22,38,41979.0
22,39,90167.0
22,40,60509.0
22,60,72044.0
22,67,84118.0
22,68,102827.0
22,69,144.0
22,999,226.0
23,1,126525.0
23,4,8028.0
23,5,45900.0
23,20,16.0
23,999,88.0
24,999,146035.0
24,10001,247653.0
24,10005,231703.0
24,10006,158305.0
24,10007,232080.0
24,10008,267665.0
24,10009,251162.0
24,10010,169774.0
24,10011,167030.0
24,10012,340390.0
24,10013,347731.0
24,10019,196371.0
24,10020,93485.0
24,10023,184864.0
24,10025,105283.0
24,10028,239530.0
24,10031,272726.0
24,10032,63280.0
24,10033,156215.0
24,10034,142057.0
24,10037,214288.0
24,10040,177246.0
24,10042,85534.0
24,10044,89667.0
24,10045,331106.0
24,10046,122331.0
24,10052,127770.0
24,10054,284636.0
24,10057,212986.0
24,10064,276025.0
24,10069,245584.0
24,10083,1546481.0
24,10084,251893.0
24,10086,31449.0
24,10088,417640.0
24,10090,99293.0
24,10091,144075.0
24,10092,197154.0
24,10094,183651.0
24,10095,440505.0
24,10096,318658.0
24,10101,17596.0
24,10102,540480.0
24,10103,380018.0
24,10104,119173.0
24,10107,125772.0
24,10108,269830.0
24,10115,108629.0
24,10117,173293.0
24,10118,142644.0
24,10119,234084.0
24,10120,85808.0
24,10121,85701.0
24,10128,214205.0
24,10130,106715.0
24,10138,88778.0
24,10141,118704.0
24,10160,188439.0
24,10239,148821.0
24,10246,3344.0
24,10273,22440.0
24,10275,96318.0
24,10276,27831.0
24,10277,48791.0
24,10279,48360.0
24,10280,1349451.0
24,10281,1002531.0
24,10282,8555.0
24,10283,387.0
24,10284,20984.0
24,10511,153409.0
24,10530,212214.0
24,10532,206835.0
24,10541,246997.0
24,10543,227801.0
24,10560,223337.0
24,10561,122792.0
24,10581,199951.0
24,10600,4122.0
24,10701,274528.0
24,10702,104262.0
24,10704,215209.0
24,10706,169168.0
24,10707,113728.0
24,10708,636579.0
24,10709,176241.0
24,10710,206330.0
25,1001,111006.0
25,1003,254175.0
25,1004,252451.0
25,1005,112108.0
25,1006,66903.0
25,1008,112807.0
25,1011,61230.0
25,1012,46767.0
25,1014,57015.0
25,1016,108621.0
25,1018,109246.0
25,1024,98934.0
25,1025,136369.0
25,1033,90816.0
25,1034,151147.0
25,1036,109018.0
25,1039,111317.0
25,1041,99822.0
25,1043,178346.0
25,1044,151234.0
25,1046,1184303.0
25,1047,181747.0
25,1048,90998.0
25,1055,13112.0
25,1061,100512.0
25,1067,57724.0
25,1071,174005.0
25,1072,35393.0
25,1073,102710.0
25,1075,114269.0
25,1076,34019.0
25,1077,18150.0
25,1078,47615.0
25,1084,200232.0
25,1090,241360.0
25,1091,10579.0
25,1093,647874.0
25,1094,23662.0
25,1096,135772.0
25,9999,20278.0
29,19,29619.0
29,50,3838.0
29,51,2401.0
29,53,1397.0
29,60,600134.0
29,999,2259.0
30,10030,1139659.0
30,10050,209673.0
30,10060,1031712.0
30,10080,167683.0
30,10110,1113736.0
30,10130,223988.0
30,10160,343735.0
30,10190,629308.0
30,10200,804891.0
30,10210,299336.0
30,10230,317228.0
30,10240,526044.0
30,10270,202437.0
30,10280,242120.0
30,10290,185365.0
30,10300,235570.0
30,10310,169174.0
30,10360,817684.0
30,10400,153138.0
30,10410,234616.0
30,10440,753189.0
30,10450,226740.0
30,10480,287830.0
30,10500,315406.0
30,10510,223727.0
30,10520,347539.0
30,10540,1476241.0
30,10550,294994.0
30,10570,232858.0
30,10600,657047.0
30,10620,232492.0
30,10640,150935.0
30,10690,254511.0
30,10700,286666.0
30,10750,189035.0
30,10810,398826.0
30,10900,447370.0
30,10920,178308.0
30,10950,134676.0
30,10960,315690.0
30,11030,190259.0
30,11140,96567.0
30,11200,290839.0
30,11290,48313.0
30,11320,82781.0
30,11450,78712.0
30,11520,45460.0
30,11630,158064.0
30,11640,19557.0
30,17500,394868.0
30,19900,283.0
30,19910,933518.0
30,19920,3167299.0
31,2,371263.0
31,3,200954.0
31,6,194787.0
31,7,215543.0
31,8,280616.0
31,9,133599.0
31,10,124909.0
31,15,205234.0
31,18,193755.0
31,19,951493.0
31,20,227472.0
31,23,33284.0
31,26,116848.0
31,34,111727.0
31,39,53169.0
31,43,210844.0
31,47,29203.0
31,49,504787.0
31,50,152219.0
31,54,142630.0
31,55,79045.0
31,56,101774.0
31,57,87133.0
31,58,133229.0
31,59,66122.0
31,61,127911.0
31,62,53003.0
31,63,60971.0
31,64,92315.0
31,72,29732.0
31,73,88753.0
31,75,38685.0
31,77,35153.0
31,79,134114.0
31,80,93152.0
31,81,184509.0
31,82,77762.0
31,89,46415.0
31,93,54506.0
31,97,249074.0
31,100,2950.0
31,101,1346.0
31,102,433.0
31,103,80473.0
31,104,256.0
31,500,2136.0
31,999,1982.0
33,1,2200295.0
35,1,362111.0
35,999,4.0
36,1,38068589.0
36,2,4056831.0
36,4,2620.0
36,999,181.0
37,1,3168898.0
40,1,114791.0
41,1,1812229.0
42,1,17211273.0
43,1,1920320.0
44,1,6689222.0
45,1,5106689.0
45,999,717.0
46,1,43442.0
46,10,964182.0
46,19,26344.0
46,20,52730.0
46,21,15810.0
46,22,8627.0
46,24,35717.0
46,25,65558.0
46,26,78886.0
46,28,51749.0
46,29,41229.0
46,33,6838.0
46,34,9048.0
46,35,612.0
46,36,1586.0
46,37,5.0
46,38,945.0
46,39,8275.0
46,40,19.0
46,41,60.0
46,42,104659.0
46,50,3962.0
46,51,47810.0
46,52,36044.0
46,53,39014.0
46,55,7637.0
46,60,33830.0
46,62,53144.0
46,63,46835.0
46,64,47704.0
46,70,50314.0
46,75,62911.0
46,76,61260.0
46,77,80331.0
46,78,48962.0
46,79,29351.0
46,83,46077.0
46,86,6477.0
46,88,117801.0
46,96,76784.0
46,101,154897.0
46,102,76902.0
46,103,69266.0
46,106,43898.0
46,999,266828.0
48,1,406363.0
50,1,1086023.0
50,2,1574878.0
50,3,435291.0
50,4,2144900.0
50,5,1431789.0
50,6,2251829.0
50,7,1255448.0
50,8,1209659.0
50,9,1252028.0
50,10,1727742.0
50,11,715532.0
50,12,1691118.0
50,13,559840.0
50,14,2015472.0
50,15,1982043.0
50,16,1458362.0
50,17,2181154.0
50,18,590451.0
50,19,3404263.0
50,20,2462666.0
50,21,2103552.0
50,22,988013.0
50,23,1475742.0
50,24,2547508.0
50,25,1510345.0
50,26,1152733.0
50,27,1740644.0
50,28,3641579.0
50,29,2007077.0
50,30,1415642.0
50,31,3842853.0
50,32,854024.0
50,33,2396809.0
50,34,906165.0
50,35,3166888.0
50,36,868154.0
50,37,3096514.0
50,38,1521547.0
50,39,1415648.0
50,40,826178.0
50,41,1920354.0
50,42,2248961.0
50,43,2517793.0
50,44,707389.0
50,45,527708.0
50,46,3543579.0
50,47,3568751.0
50,48,1948138.0
50,49,938292.0
50,50,775438.0
50,51,747786.0
50,52,954830.0
50,53,694316.0
50,54,2374090.0
50,55,956093.0
50,56,665412.0
50,57,768593.0
50,58,1383764.0
50,59,861780.0
50,60,2376674.0
50,61,2740202.0
50,62,2358921.0
50,63,2474437.0
50,64,4569131.0
50,65,2055277.0
50,67,1610988.0
50,68,916383.0
50,69,1938720.0
50,70,755328.0
50,71,1388311.0
50,72,1866315.0
50,73,3119101.0
50,74,1964289.0
50,75,1027767.0
50,76,1880863.0
50,77,1827450.0
50,78,2645006.0
50,79,1070447.0
50,80,3701670.0
50,81,1838919.0
50,82,2396443.0
50,83,2086371.0
50,84,1339662.0
50,85,1496660.0
50,86,2530334.0
50,87,972001.0
50,88,38104.0
50,89,3838663.0
50,90,4621689.0
50,91,7217320.0
50,92,4208152.0
50,999,87711.0
52,1,493714.0
52,2,198.0
52,3,13.0
52,5,10.0
52,999,274.0
54,1,660398.0
54,999,1.0
56,11002,219495.0
56,11003,70167.0
56,11005,53906.0
56,11012,21636.0
56,11014,89906.0
56,11019,33655.0
56,11026,63224.0
56,11029,624.0
56,11033,67938.0
56,11036,89733.0
56,11090,501.0
56,11091,1015.0
56,11092,85819.0
56,11096,626.0
56,11100,170203.0
56,11103,1424.0
56,11105,59561.0
56,11110,57008.0
56,11120,32789.0
56,11130,53287.0
56,11156,35481.0
56,11160,63318.0
56,11161,12334.0
56,11170,180858.0
56,11175,52673.0
56,11180,39263.0
56,11191,37274.0
56,11200,45789.0
56,11203,3712.0
56,11210,136645.0
56,11211,16419.0
56,11213,212664.0
56,11214,27469.0
56,11215,951.0
56,11220,71779.0
56,11221,789.0
56,11225,11833.0
56,11235,22976.0
56,11236,402.0
56,11255,41248.0
56,11260,35344.0
56,11270,41741.0
56,11273,4339.0
56,11285,76227.0
56,11300,69952.0
56,11330,98951.0
56,11341,95740.0
56,11350,30111.0
56,11360,85541.0
56,11361,65564.0
56,11370,158172.0
56,11400,38473.0
56,11410,37798.0
56,11420,50361.0
56,11440,75821.0
56,11451,4084.0
56,11460,21683.0
56,11500,121195.0
56,11520,39550.0
56,11531,12455.0
56,11540,37971.0
56,11650,43237.0
56,11660,63277.0
56,11700,36246.0
56,11710,204084.0
56,11714,54238.0
56,11721,62887.0
56,11750,112618.0
56,11800,123950.0
56,11831,19220.0
56,11850,73610.0
56,11860,31085.0
56,17020,1195.0
56,17044,43329.0
56,17081,58446.0
56,17082,139422.0
56,17083,699805.0
56,17084,239634.0
56,17085,130926.0
56,17988,3186221.0
56,17989,1501327.0
56,17990,4677196.0
56,17991,1281049.0
56,17992,385218.0
56,17993,573306.0
56,17994,637450.0
56,17995,25927.0
56,17996,81390.0
56,17997,33612.0
56,17998,457319.0
56,21903,313.0
56,21905,126029.0
56,21906,39350.0
56,21908,1460.0
56,21910,1639527.0
56,21999,72366.0
58,1,6994094.0
61,1,536465.0
63,1,6427345.0
63,2,1667395.0
63,3,319764.0
63,4,2314464.0
63,5,1148826.0
63,6,359454.0
63,7,391142.0
63,8,282197.0
63,9,1305601.0
63,10,741919.0
63,11,3089861.0
63,12,275907.0
63,13,401553.0
63,14,400.0
63,15,5265814.0
63,16,18501.0
63,17,79366.0
63,100,954337.0
63,101,261361.0
63,105,242868.0
63,106,211638.0
63,201,4881682.0
63,999,30117.0
64,1,487502.0
66,1,205953.0
67,1,49038.0
68,1,720627.0
68,2,33075.0
68,4,43114.0
68,7,38666.0
68,9,23209.0
68,10,23248.0
68,15,16748.0
68,18,34607.0
68,21,22506.0
68,26,20580.0
68,28,45516.0
68,30,33164.0
68,31,8706.0
68,32,1453.0
68,33,17367.0
68,34,2175.0
68,35,9826.0
68,36,752.0
68,501,379088.0
68,502,4773.0
68,503,2601.0
68,504,7056.0
68,521,113963.0
68,551,20782.0
68,552,21129.0
68,553,25291.0
68,554,19228.0
68,555,184339.0
68,556,194542.0
68,557,179409.0
68,571,1.0
68,601,202.0
68,999,716.0
69,1,184223.0
70,1,256893.0
71,1,933393.0
71,5,195835.0
71,101,863153.0
71,102,343335.0
71,103,38139.0
71,104,137503.0
71,105,22749.0
71,106,116343.0
71,107,105829.0
71,108,27544.0
71,110,1807433.0
71,999,3018.0
72,1,724695.0
72,100,208775.0
72,101,196290.0
72,102,110438.0
72,103,104890.0
72,104,651250.0
72,105,20277.0
72,106,20802.0
72,107,28982.0
72,108,81500.0
72,200,361582.0
72,999,1489.0
76,1,101304.0
86,1,9747.0
86,2,523645.0
86,5,2954.0
86,6,293.0
86,100,186434.0
86,110,110314.0
86,200,3245.0
86,300,287101.0
86,330,13692.0
86,999,8246.0
